Name         Age Nat St Tk Ps Sh Ag KAb TAb PAb SAb Gam Sub  Min Mom Sav Con Ktk Kps Sht Gls Ass  DP Inj Sus Fit
----------------------------------------------------------------------------------------------------------------
 0   0   0 100
Tielemans     19 Bel  1  4  7  1 25 700 676 866 719  10   0  840   0   0   0   4  36   5   0   2   4   0   0 100
Coman         20 fra  1  1  6  4 25 700 793 834 748   8   1  689   1   0   0   1  27  18   0   2   0   0   0 100
Medrán        22 Esp  1  3  6  2 25 700 739 654 826   5   0  445   1   0   0   1  18   6   1   1   2   0   0 100
Sansone       24 Ita  1  1  6  3 25 700 700 374 692   2   1  130   0   0   0   0   2   3   1   0   0   0   0 100
Sturaro       23 Ita  1  2  6  2 25 700 722 374 701   3   2  148   0   0   0   1   2   1   0   0   0   0   0 100
Lotfus_Cheek  20 ing  1  2  6  1 25 700 814 750 773  10   4  672   0   0   0   2  20   3   0   2   0   0   0 100
Markovic      22 ser  1  1  5  8 25 700 768 759 859  11   0  888   1   0   0   0  10  72   8   1   2   0   0 100
Danny_Ings    24 Ing  1  1  4  7 25 700 700 716 506  10   3  682   0   0   0   0   6  32   2   2   0   0   0 100
Ayoze_Pérez   23 Esp  1  1  3  6 25 700 700 650 350   0   0    0   0   0   0   0   0   0   0   0   0   0   0 100
Siebatcheu    20 usa  1  1  2  6 25 700 758 735 635   5   4  227   1   0   0   1   0  20   5   0   0   0   0 100
